# Created by Octave 3.6.1, Sun Dec 15 21:18:06 2013 Eastern Standard Time <unknown@BillyPilgrim>
# name: H
# type: scalar struct
# ndims: 2
 1 1
# length: 1
# name: g
# type: scalar struct
# ndims: 2
 1 1
# length: 2
# name: colors
# type: matrix
# rows: 40
# columns: 40
 0 0 0 0 0 0 0 0 0 0 0 0 0 0 0 0 0 0 0 0 0 0 0 0 0 0 0 0 0 0 0 0 0 0 0 0 0 0 0 0
 0 1 1 1 1 1 1 1 1 1 1 1 1 1 1 1 1 1 1 1 1 1 1 1 1 1 1 1 1 1 1 1 1 1 1 1 1 1 1 0
 0 1 1 1 1 1 1 1 1 1 1 1 1 1 1 1 1 1 1 1 1 1 1 1 1 1 1 1 1 1 1 1 1 1 1 1 1 1 1 0
 0 1 1 1 1 1 1 1 1 1 1 1 1 1 1 1 1 1 1 1 1 1 1 1 1 1 1 1 1 1 1 1 1 1 1 1 1 1 1 0
 0 1 0 0 0 0 0 0 0 0 0 0 0 0 0 0 0 0 0 0 0 0 0 0 0 0 0 0 0 0 0 0 0 0 0 1 1 1 1 0
 0 1 0 0 0 0 0 0 0 0 0 0 0 0 0 0 0 0 0 0 0 0 0 0 0 0 0 0 0 0 0 0 0 0 0 1 1 1 1 0
 0 1 1 1 1 1 1 1 1 1 1 1 1 1 1 1 1 1 1 1 1 1 1 1 1 1 1 1 1 1 1 1 1 1 1 1 1 1 1 0
 0 1 1 1 1 1 1 1 1 1 1 1 1 1 1 1 1 1 1 1 1 1 1 1 1 1 1 1 1 1 1 1 1 1 1 1 1 1 1 0
 0 1 1 1 1 1 1 1 1 1 1 1 1 1 1 1 1 1 1 1 1 1 1 1 1 1 1 1 1 1 1 1 1 1 1 1 1 1 1 0
 0 1 1 1 1 1 1 1 1 1 1 1 1 1 1 1 1 1 1 1 1 1 1 1 1 1 1 1 1 1 1 1 1 1 1 1 1 1 1 0
 0 1 1 1 0 0 0 0 0 0 0 0 0 0 0 0 0 0 1 1 1 1 0 0 0 0 0 0 0 0 0 0 0 0 0 0 1 1 1 0
 0 1 1 1 1 1 1 1 1 1 1 1 1 1 1 1 1 1 1 1 1 1 1 1 1 1 1 1 1 1 1 1 1 1 1 1 1 1 1 0
 0 1 1 1 1 1 0 1 1 1 1 1 1 1 1 1 1 1 1 1 1 1 1 1 1 1 1 1 1 1 1 1 1 1 1 1 1 1 1 0
 0 1 1 0 1 1 0 1 1 1 1 1 1 1 1 1 1 1 1 1 1 1 1 1 1 1 1 1 1 1 1 1 1 1 1 0 0 0 0 0
 0 1 1 1 1 1 0 1 1 1 1 1 1 1 1 1 1 1 1 1 1 1 1 1 1 1 1 1 1 1 1 1 1 1 1 0 0 0 0 0
 0 1 1 1 1 1 0 1 1 0 0 0 0 0 0 0 0 0 0 0 0 0 1 1 1 1 1 1 0 0 0 0 0 0 0 0 0 0 0 0
 0 1 1 1 1 1 0 1 1 1 0 1 1 1 1 1 1 1 1 1 1 1 1 1 1 1 1 1 1 1 1 1 1 1 1 0 0 0 0 0
 0 1 1 1 1 1 0 1 1 1 0 1 1 1 1 0 1 1 1 1 1 1 1 1 1 1 1 1 1 1 1 1 1 1 1 0 0 0 0 0
 0 1 1 0 0 0 0 1 1 1 0 1 1 1 1 0 1 1 1 1 1 1 1 1 1 1 1 1 1 1 1 1 1 1 1 1 1 1 1 0
 0 1 1 1 1 1 0 1 1 1 0 1 1 1 1 0 1 1 1 1 1 1 1 1 1 1 1 1 1 1 1 1 1 1 1 1 1 1 1 0
 0 1 1 1 1 1 0 1 1 1 0 1 1 1 1 0 0 0 0 0 0 0 0 0 0 0 0 0 0 0 0 0 0 0 1 1 1 1 1 0
 0 1 1 1 1 1 0 1 1 0 0 1 1 1 1 1 1 1 1 1 1 1 1 1 1 1 1 1 1 1 1 1 1 1 1 1 1 1 1 0
 0 0 1 1 0 1 0 1 1 1 0 1 1 1 1 1 1 1 1 1 1 1 1 1 1 1 1 1 1 1 1 1 1 1 1 1 1 1 1 0
 0 1 1 1 1 1 0 1 1 1 0 0 0 0 0 0 0 0 0 0 0 0 0 0 0 0 0 0 0 0 0 0 1 1 1 1 1 1 1 0
 0 1 1 1 1 1 0 1 1 1 1 1 1 1 1 1 1 1 1 1 1 1 1 1 1 1 1 1 1 1 1 1 1 1 1 1 1 1 1 0
 0 1 1 1 1 1 0 1 1 1 1 1 1 0 1 1 1 1 1 1 1 1 1 1 1 1 1 1 1 0 1 1 1 1 1 1 1 1 1 0
 0 1 1 0 1 1 0 1 1 1 1 1 1 1 1 1 1 1 1 1 1 1 1 0 1 1 1 1 1 1 1 1 1 1 1 1 1 1 1 0
 0 1 1 1 1 1 0 0 0 0 0 0 0 0 0 0 0 0 0 0 0 0 0 0 0 0 0 0 1 1 1 0 0 0 0 0 1 1 1 0
 0 1 1 1 1 1 1 1 1 1 1 1 1 1 1 1 1 1 1 1 1 1 1 1 1 1 1 1 1 1 1 0 0 0 0 0 1 1 1 0
 0 1 1 1 1 1 1 1 1 1 1 1 1 1 1 1 1 1 1 1 1 1 1 1 1 1 1 1 1 1 1 0 0 0 0 0 1 1 1 0
 0 1 1 1 1 1 1 1 1 1 1 1 1 1 1 1 1 1 1 1 1 1 1 1 1 1 1 1 1 1 1 0 0 0 0 0 1 1 1 0
 0 1 1 0 1 0 0 0 0 0 0 0 0 0 0 0 0 0 0 0 0 0 0 0 0 0 0 0 0 0 0 0 0 0 0 0 1 1 1 0
 0 1 1 1 1 0 0 0 0 0 0 0 0 0 0 0 0 0 0 0 0 0 0 0 0 0 0 0 0 0 0 0 0 0 0 0 1 1 1 0
 0 1 1 1 1 0 0 0 0 0 0 0 0 0 0 0 0 0 0 0 0 0 1 1 1 1 1 1 1 1 1 1 1 1 1 1 1 1 1 0
 0 1 1 1 1 0 0 0 0 0 0 0 0 0 0 0 0 0 0 0 0 0 1 1 1 1 1 1 1 1 1 1 1 1 1 1 1 1 1 0
 0 1 1 1 1 0 0 0 0 0 0 0 0 0 0 0 0 0 0 0 0 0 1 1 1 1 1 0 0 0 0 0 0 0 0 0 0 1 1 0
 0 1 1 1 1 0 0 0 0 0 0 0 0 0 0 0 0 0 0 0 0 0 1 1 1 1 1 1 1 1 1 1 1 1 1 1 1 1 1 0
 0 1 1 1 1 0 0 0 0 0 0 0 0 0 0 0 0 0 0 0 0 0 1 1 1 1 1 1 1 1 1 1 1 1 1 1 1 1 1 0
 0 1 1 1 1 1 1 1 1 1 1 1 1 1 1 1 1 1 1 1 1 1 1 1 1 1 1 1 1 1 1 1 1 1 1 1 1 1 1 0
 0 0 0 0 0 0 0 0 0 0 0 0 0 0 0 0 0 0 0 0 0 0 0 0 0 0 0 0 0 0 0 0 0 0 0 0 0 0 0 0


# name: img
# type: matrix
# ndims: 3
 40 40 3
 0
 0
 0
 0
 0
 0
 0
 0
 0
 0
 0
 0
 0
 0
 0
 0
 0
 0
 0
 0
 0
 0
 0
 0
 0
 0
 0
 0
 0
 0
 0
 0
 0
 0
 0
 0
 0
 0
 0
 0
 0
 1
 1
 1
 1
 1
 1
 1
 1
 1
 1
 1
 1
 1
 1
 1
 1
 1
 1
 1
 1
 1
 0
 1
 1
 1
 1
 1
 1
 1
 1
 1
 1
 1
 1
 1
 1
 1
 1
 0
 0
 1
 1
 1
 0
 0
 1
 1
 1
 1
 1
 1
 1
 1
 1
 1
 1
 1
 1
 1
 1
 1
 1
 1
 1
 1
 1
 1
 1
 1
 1
 1
 1
 1
 1
 1
 1
 1
 1
 0
 0
 1
 1
 1
 0
 0
 1
 1
 1
 1
 1
 1
 1
 0
 1
 1
 1
 1
 0
 1
 1
 1
 1
 1
 1
 1
 0
 1
 1
 1
 1
 0
 1
 1
 1
 1
 1
 1
 1
 0
 0
 1
 1
 1
 0
 0
 1
 1
 1
 1
 0
 1
 1
 1
 1
 1
 1
 1
 0
 1
 1
 1
 0
 1
 1
 1
 1
 1
 1
 1
 1
 1
 1
 1
 1
 1
 1
 1
 1
 0
 0
 1
 1
 1
 0
 0
 1
 1
 1
 1
 0
 1
 1
 1
 1
 1
 1
 1
 0
 1
 1
 1
 1
 1
 1
 1
 1
 1
 1
 1
 1
 0
 0
 0
 0
 0
 0
 0
 1
 0
 0
 1
 1
 1
 0
 0
 1
 1
 1
 1
 0
 1
 0
 0
 0
 0
 0
 0
 0
 0
 0
 0
 0
 0
 0
 0
 0
 0
 1
 1
 1
 0
 0
 0
 0
 0
 0
 0
 1
 0
 0
 1
 1
 1
 0
 0
 1
 1
 1
 1
 0
 1
 1
 1
 1
 1
 1
 1
 1
 1
 1
 1
 1
 1
 1
 1
 1
 0
 1
 1
 1
 0
 0
 0
 0
 0
 0
 0
 1
 0
 0
 1
 1
 1
 0
 0
 1
 1
 1
 1
 0
 1
 1
 1
 1
 1
 1
 1
 1
 1
 1
 1
 1
 1
 1
 1
 1
 0
 1
 1
 1
 0
 0
 0
 0
 0
 0
 0
 1
 0
 0
 1
 1
 1
 0
 0
 1
 1
 1
 1
 0
 1
 1
 1
 1
 0
 1
 1
 1
 1
 1
 0
 1
 1
 1
 1
 1
 0
 1
 1
 1
 0
 0
 0
 0
 0
 0
 0
 1
 0
 0
 1
 1
 1
 0
 0
 1
 1
 1
 1
 0
 1
 1
 1
 1
 0
 0
 0
 0
 0
 0
 0
 0
 0
 1
 1
 1
 0
 1
 1
 1
 0
 0
 0
 0
 0
 0
 0
 1
 0
 0
 1
 1
 1
 0
 0
 1
 1
 1
 1
 0
 1
 1
 1
 1
 0
 1
 1
 1
 1
 1
 1
 1
 0
 1
 1
 1
 0
 1
 1
 1
 0
 0
 0
 0
 0
 0
 0
 1
 0
 0
 1
 1
 1
 0
 0
 1
 1
 1
 1
 0
 1
 1
 1
 1
 0
 1
 1
 1
 1
 1
 1
 1
 0
 1
 1
 1
 0
 1
 1
 1
 0
 0
 0
 0
 0
 0
 0
 1
 0
 0
 1
 1
 1
 0
 0
 1
 1
 1
 1
 0
 1
 1
 1
 1
 0
 1
 1
 1
 1
 1
 1
 1
 0
 1
 0
 1
 0
 1
 1
 1
 0
 0
 0
 0
 0
 0
 0
 1
 0
 0
 1
 1
 1
 0
 0
 1
 1
 1
 1
 0
 1
 1
 1
 1
 0
 1
 1
 1
 1
 1
 1
 1
 0
 1
 1
 1
 0
 1
 1
 1
 0
 0
 0
 0
 0
 0
 0
 1
 0
 0
 1
 1
 1
 0
 0
 1
 1
 1
 1
 0
 1
 1
 1
 1
 0
 1
 0
 0
 0
 0
 1
 1
 0
 1
 1
 1
 0
 1
 1
 1
 0
 0
 0
 0
 0
 0
 0
 1
 0
 0
 1
 1
 1
 0
 0
 1
 1
 1
 1
 0
 1
 1
 1
 1
 0
 1
 1
 1
 1
 0
 1
 1
 0
 1
 1
 1
 0
 1
 1
 1
 0
 0
 0
 0
 0
 0
 0
 1
 0
 0
 1
 1
 1
 0
 0
 1
 1
 1
 1
 0
 1
 1
 1
 1
 0
 1
 1
 1
 1
 0
 1
 1
 0
 1
 1
 1
 0
 1
 1
 1
 0
 0
 0
 0
 0
 0
 0
 1
 0
 0
 1
 1
 1
 0
 0
 1
 1
 1
 1
 1
 1
 1
 1
 1
 0
 1
 1
 1
 1
 0
 1
 1
 0
 1
 1
 1
 0
 1
 1
 1
 0
 0
 0
 0
 0
 0
 0
 1
 0
 0
 1
 1
 1
 0
 0
 1
 1
 1
 1
 1
 1
 1
 1
 1
 0
 1
 1
 1
 1
 0
 1
 1
 0
 1
 1
 1
 0
 1
 1
 1
 0
 0
 0
 0
 0
 0
 0
 1
 0
 0
 1
 1
 1
 0
 0
 1
 1
 1
 1
 1
 1
 1
 1
 1
 0
 1
 1
 1
 1
 0
 1
 1
 0
 1
 1
 1
 0
 1
 1
 1
 0
 0
 0
 0
 0
 0
 0
 1
 0
 0
 1
 1
 1
 0
 0
 1
 1
 1
 1
 1
 1
 1
 1
 1
 0
 1
 1
 1
 1
 0
 1
 1
 0
 1
 1
 1
 0
 1
 1
 1
 0
 0
 0
 0
 0
 0
 0
 1
 0
 0
 1
 1
 1
 0
 0
 1
 1
 1
 1
 0
 1
 1
 1
 1
 1
 1
 1
 1
 1
 0
 1
 1
 0
 1
 1
 1
 0
 1
 1
 1
 0
 0
 1
 1
 1
 1
 1
 1
 0
 0
 1
 1
 1
 0
 0
 1
 1
 1
 1
 0
 1
 1
 1
 1
 1
 1
 1
 1
 1
 0
 1
 1
 0
 1
 1
 0
 0
 1
 1
 1
 0
 0
 1
 1
 1
 1
 1
 1
 0
 0
 1
 1
 1
 0
 0
 1
 1
 1
 1
 0
 1
 1
 1
 1
 1
 1
 1
 1
 1
 0
 1
 1
 0
 1
 1
 1
 0
 1
 1
 1
 0
 0
 1
 1
 1
 1
 1
 1
 0
 0
 1
 1
 1
 0
 0
 1
 1
 1
 1
 0
 1
 1
 1
 1
 1
 1
 1
 1
 1
 0
 1
 1
 0
 1
 1
 1
 0
 1
 1
 1
 0
 0
 1
 1
 1
 1
 1
 1
 0
 0
 1
 1
 1
 0
 0
 1
 1
 1
 1
 0
 1
 1
 1
 1
 1
 1
 1
 1
 1
 0
 1
 1
 0
 1
 1
 1
 0
 1
 1
 1
 0
 0
 1
 1
 1
 1
 1
 1
 0
 0
 1
 1
 1
 0
 0
 1
 1
 1
 1
 0
 1
 1
 1
 1
 1
 1
 1
 1
 1
 0
 1
 1
 0
 1
 1
 1
 0
 1
 1
 1
 0
 0
 1
 1
 0
 1
 1
 1
 0
 0
 1
 1
 1
 0
 0
 1
 1
 1
 1
 0
 1
 1
 1
 1
 0
 1
 1
 1
 1
 0
 1
 1
 0
 1
 1
 1
 1
 1
 1
 1
 0
 0
 1
 1
 0
 1
 1
 1
 0
 0
 1
 1
 1
 0
 0
 1
 1
 1
 1
 0
 1
 1
 1
 1
 0
 1
 1
 1
 1
 0
 1
 1
 0
 1
 0
 1
 1
 1
 1
 1
 0
 0
 1
 1
 0
 1
 1
 1
 0
 0
 1
 1
 1
 0
 0
 1
 1
 1
 1
 0
 1
 1
 1
 1
 0
 1
 1
 1
 1
 0
 1
 1
 0
 1
 1
 1
 1
 1
 1
 1
 0
 0
 1
 1
 0
 1
 1
 1
 0
 0
 1
 1
 1
 0
 0
 1
 1
 1
 1
 0
 1
 1
 1
 1
 0
 1
 1
 1
 1
 0
 1
 1
 0
 1
 1
 1
 0
 0
 0
 0
 0
 0
 1
 1
 0
 1
 1
 1
 0
 0
 1
 1
 1
 0
 0
 1
 1
 1
 1
 0
 1
 1
 1
 1
 0
 1
 1
 1
 1
 0
 1
 1
 1
 1
 1
 1
 0
 0
 0
 0
 0
 0
 1
 1
 0
 1
 1
 1
 0
 0
 1
 1
 1
 0
 0
 1
 1
 1
 1
 0
 1
 1
 1
 1
 0
 1
 1
 1
 1
 0
 1
 1
 1
 1
 1
 1
 0
 0
 0
 0
 0
 0
 1
 1
 0
 1
 1
 1
 0
 0
 1
 1
 1
 0
 0
 1
 1
 1
 1
 0
 1
 1
 1
 1
 0
 1
 1
 1
 1
 1
 1
 1
 1
 1
 1
 1
 0
 0
 0
 0
 0
 0
 1
 1
 0
 1
 1
 1
 0
 0
 1
 1
 1
 1
 1
 1
 1
 1
 1
 0
 1
 1
 0
 0
 0
 0
 0
 1
 1
 1
 1
 1
 1
 1
 1
 1
 0
 0
 0
 0
 0
 0
 1
 1
 0
 1
 1
 1
 0
 0
 1
 1
 1
 1
 1
 1
 1
 1
 1
 1
 1
 1
 0
 0
 0
 0
 0
 1
 1
 1
 1
 1
 1
 1
 1
 1
 1
 1
 1
 1
 1
 1
 1
 1
 0
 1
 1
 1
